15
13 16
13 25
1 1
4 5
646 646
999900000 1000000000
1 100000
500000 600000
800000 900000
500500000 500600000
100900000 101000000
999900000 1000000000
1 100000
500000 600000
800000 900000
500500000 500600000
100900000 101000000
1000000000 1000000000
999999999 1000000000
13 16
13 25
1 1
4 5
646 646
999900000 1000000000
1 100000
500000 600000
800000 900000
500500000 500600000
100900000 101000000
999900000 1000000000
1 100000
500000 600000
800000 900000
500500000 500600000
100900000 101000000
1000000000 1000000000
999999999 1000000000
